00000000000000000000000000000000000000000000000000000000000000000000000000000000
00000000000000000000000000000000000000000000000000000000000000000000000000000000
00000000000000000000000000000000000000011100000000000000000000000000000000000000
00000000000000000000000000000000000001000000000000000000000000000000000000000000
00000000000000000000000000000000000010000000000000000000000000000000000000000000
00000000000000000000000000000000000100000000000000000000000000000000000000000000
00000000000000000000000000000000001000000000000000000000000000000000000000000000
00000000000000000000000000000000001000000000000000000000000000000000000000000000
00000000000000001000100000000000000000000000000000000000000000000000000000000000
00000000000000001000000000000000000000000000000000000000000000000000000000000000
00000000000000000000000000000000001000001111110000000000000000000000000000000000
00000000001000000100000000000000001111100000000111000000000000000000000000000000
00000000000100100000001000000000111110011111000000111000000000000000000000000000
00000000000010001100000000000011000001111111000000011110000000000000000000000000
00000000000001000000001000000100000000111110000011000001100000000000000000000000
00000000000000100000010000010000000000000000000100000000010000000000000000000000
00000000000000010000100000100000000000000000001000010000001000000000000000000000
00000000000111100001000001000000000000000000000001100110000000000000000000000000
00000000000001000000000010000000000000000000010001000010000100000000000000000000
00000000000000011000000100000000000000000000010001001100000010000000000000000000
00000000000000000000001000000000000000000000000000111111000010000000000000000000
00000000000000000000001000000000000000000000100000100000100011000000000000000000
00000000000000000000010000000000000000000000000000010000100101000000000000000000
00000000000000000000010000000000000000000000000000010000100101100000000000000000
00000000000000000110100000000000000000000000010000010001000100101000000000000000
00000000000000001011100000000000100000000000010000000110001000011110000000000000
00000000000000011111000100000000000000000000001000001100011000011110000000000000
00000000000000011111000000000001000000000000011100000000110000011110000000000000
00000000000000011111001001000001001000000000010011000011100000001110000000000000
00000000000000001110001001000000001000000000010000111101100000001110000000000000
00000000000000011110001001000000101000000000110100100001100000001100000000000000
00000000000000100110001001000001101100000000110110100001100010001100010000000000
00000000000001000110001011000001111100000000110111110001100010001100001000000000
00000000000010001100101011100001010100000000111001111001000011001110000000000000
00000000000100011100100111100011110100100001111111101101000011001010000100000000
00000000001000011100100111100010000110100001110000111101000011001011000000000000
00000000001000010100100111100010000010100001110000001011000011000001000010000000
00000000010000110101000111110010000010110011100000001100000011001001000010000000
00000000010000100101000111110100000001010011000000001100000011000000100001000000
00000000100001000111010111110111110001110011001111100100000011100000100001000000
00000000100001000101010111101111111100110110111111111100000011011000010001000000
00000001000010001001010111111111111100110101111111101100000010001000010001000000
00000001000100001001010111101111111000011100111111100100000010000100001000100000
00000001000100001001010111101111111100000000111111100100001010000100001000100000
00000000001000000111011111101111111100001000111111100100001010000100001000100000
00000011001000000011011111101111111100011100111111100100001010001000000100100000
00000011010000000101111111101111111000011000111111100100001010011000000100100000
00000010100000000101101101100111111000000000011111001100011101111000000010100000
00000010100000000011101001100011110000000000000010001100010111111000000010110000
00000011000000000011101001100000000000000000000000000000010111110000000001110000
00000010000000000001110000100000000000000000000000000000010111110000000001100000
00000010000000000001010000010000000000000000000000001000111111110000000001100000
00000000000000000001000000010000000000000000000000001000111111000000000000100000
00000000000000000010100011000000000000000000000000001001111111000000000000000000
00000000000000000010000011001000000000011000000000011001111010000000000000000000
00000000000000000010000011101110000000000000000001111001110000000000000000000000
00000000000000000010011011100111100000000000000111111011100000000000000000000000
00000000000000000010011011100111111000000000111111111011100000000000000000000000
00000000000000000010011111100101111111110011111111100100000000000000000000000000
00000000000000000001011111101000111111111111110110011000000000000000000000000000
00000000000000000001001111111001001101111111101100010000000000000000000000000000
00000000000000000000011111110010000111111111110000001110000000000000000000000000
00000000000000000000000111000100000001111111000000001110000000000000000000000000
00000000000000000000000011001100000000011110000000001110000000000000000000000000
00000000000000000000000011011111000000010010000000001111100000000000000000000000
00000000000000000000000011111111110000010010000001111111010000000000000000000000
00000000000000000000000011111111100000011110000001111110101000000000000000000000
00000000000000000000000011111111100000010010000001111111111000000000000000000000
00000000000000000000000011111111100000000000000000111111111000000000000000000000
00000000000000000000000100111111100000100001000000111111111000000000000000000000
00000000000000000000000000011111000000100001000000111111111000000000000000000000
00000000000000000000001000011011000001000001000000111111111000000000000000000000
00000000000000000000001000011001000001000000000000111111111000000000000000000000
00000000000000000000000000110001000001000000100000111111111000000000000000000000
00000000000000000000000100100001000000000000100000111111111000000000000000000000
00000000000000000000000011100000000011111000100000111111111000000000000000000000
00000000000000000000000011100010000000001111100000111111111000000000000000000000
00000000000000000000000000000010000000000000000000111111111000000000000000000000
00000000000000000000000000001100000000000000000000111111111000000000000000000000
00000000000000000000000000000000000000000000000000111111111000000000000000000000
